0,510
0,509
0,508
60,49
60,48
60,47
60,46
60,45
60,44
60,43
60,42
60,41
60,40
60,39
60,38
60,37
60,36
60,35
0,507
0,506
0,505
70,5
70,4
70,3
70,2
0,504
70,1
70,0
0,503
0,502
0,501
0,500
0,499
0,498
0,497
0,496
0,495
0,494
0,493
69,4
69,3
69,2
0,492
69,1
69,0
0,491
68,3
68,2
0,490
68,1
68,0
0,489
0,488
0,487
0,486
0,485
0,484
0,483
67,5
67,4
67,3
67,2
0,482
67,1
67,0
0,481
0,480
0,479
66,4
66,3
66,2
66,1
66,0
65,3
65,2
65,1
65,0
0,478
64,3
64,2
64,1
64,0
0,477
63,5
0,476
0,472
63,4
63,3
63,2
63,1
63,0
62,4
62,3
62,2
62,1
62,0
46,5
46,4
46,2
46,0
46,1
46,3
47,2
47,0
47,1
47,3
48,2
48,0
48,1
48,3
37,2
50,5
50,4
50,2
50,0
61,5
61,4
61,3
61,2
61,1
61,0
50,1
50,3
0,278
58,5
58,4
58,2
58,0
